INDEX VERBORUM.

111111 7, 4831101133 3. 9.
agebat 7, 143. egisti 7,
1025311 8,1ε7. agite
7, 20. agam 9. 67. &gas
2.7113,09114,114.
8, 76. 3331111, 9: 6,
408. ageret 8, 186. age-
rent 4, 49. agere 9, 48.
agendi 16, 49. agendis
14,72.3311111·4,8516,
6591 13, 281 15, 97.
agatur 4, 661 6, 395.
500. agerentur 6. 336.
actum 6, 53. 10, 155.
14,’149. acta 2, 1861
7, 104. actorum 9,

agrestem 13, 39.

Agrippa 6, 158.

aheneus, v. aeneut.

Ajnx7,11¹5: 10, 84115,

ulus 3, 25111, 157114,
195. 3113 10, 178.

Alabandis 8, 70.

Α13113101103 1,1180.

alapas 8, 192.

Alba 4, 61. Athana 4,
100. Albani 13, 214.
Albanam 4, 145. Al·
1131113 5, 33.

albeolos, v. alveolos.

Axbinam 3, 130.

31010103 v. alveolos. ·

3111113 2, 23. 31113 6, 1771
13, 117. 111ῡί 10, 65.
‘albe 3, 179113. 141.
albo 0, 110. 7, 000.
albis 1, 111.

Alcestin. 6, 652.

Alcinoo 15, 15.

Alcyonen 7, 12.

31031, 881 8, 10: 11,
’1741 14, ’4.

Aledius 5, 118.

Alexander 14, 811.

algae 4, 48. ’

31301 1, 74. algentem 7,

alienum 3, 105. 6, 21.
alienia 3, 131: 5, 0.
13, 34. 15, 100140.
alieno 8, 246.

alimenti· 15, 93.

aliptes 3, 761 6, 422.

aliquando 3, 1841 6,
360. 9, 03

31101113 1, 74. 3111111111 2,
149. 3. 017. 030. 5,
33.167-7,24· 8, 41.
63. 0631 9,139. 15,
92. 31111110 8, 173. -

1111101 8, 28116,11. 619.
31111114, 78.3113111 4,1381
5, 50. alias 15. 57.

aliunde 7, 22. ,

Alledius 5, 118.

Assobrogicit 8, 13.

Allobroga. 7, 214.

311111111 3, 266.

aloe· 6, 181.

Alpe· 10, 166. ,41ρο31 10,
152. Α1ρ111113 13, 162.

Alphe 14, 009.

3113113 8, 1561 12, 941
13. 89.
119.

ane 3, 256.

311014,11.7,95.9, 661
10, 281 14, 33. altera
3,055. 7, 1619,1’33.
14, 170. 809. 3111111113
6, 341. 10, 010. 11,
167.

alternum 12, 31. 31101113
6. 268.

3111113 5,115, 168.

altum 1,1616, 50. 634.
ulti 6, 385. 415· 7,.
105. 31110 3, 05616,
31. alto 3, 4ο. 14,
135.31133,69.1361 4,
131 :- 6, 4811 8, 131:
14, 88. altos 10, 150.
176. 31110 6, 607: 8,
106. 10, 36. altior 6,
492110,106113,178.

alveolos 7, 78. alveolis

31νο113 12, 30. . ¹

311111111113 1, 201 14, 247.
alumni 11, 98. 8111111-
no· 6, 609.

31111ω 7, 192. 311113 14,
282.

alvo 5, 17.

11111313 18, 247. amaras

3113ῐί11113 12,

2. 30.

amatbr 2, 168. amatorem
6, 548.

’31111118οω 8, 80.

ambit 16. 43.

- ambitio 8, 135.-

111111111103113.1 182. ’3111111-
11031 7. 50.

3111110 2, 153.

Αω111031036, 77.

ambulat 8, 305.

amens 14. 94.

3010111513111137, 186. '

311110111ἴε4, 75 1 5, 14.

amictu· 1, 142.’311110111
2,]85.

« amicus 13, 15. 60. 3111101

375

1, 881 a, 871 4, 881
10,284; 15, 184. 31111-
co 3, 571 5, 82. 178.
amicum 3, 121. 2791
5,140. 31111003 6, 8181
10. 46. amicis 5, 108.
118. 146. amice 1,62.
. 4,00. 6, 455. 7,30.
Α111111113 v. Hamillus.
31111333 18, 184.
1831010013 6, 555.

»amnis 13, 69. 3111110111 6,

500. amne· 10, 177.
omnebus 8, 170. ’
311131 6, 258. amnt 6,
112. ames 6, 621 7, 9.
amavi 10, 68. 'antve-
111 10, 220. amatur 6,
143. ametur 6, 751 12,
180. amnt 3. 223. 3-
mantis 6, 209. amanti
6, 003. amnti 3, 130.
31113110 10, 241.

3111111111 3, 4.

amomo 4, 103‘2 8, 159.

amor 14, 189 288. nmo·
rem 14, 007. amore 4,
1 14.

Ampffion 6, 174.

amplectitur 10, 141.

amplexu 6, 65: 9,75.

ampliu· 5, 148.

amplior 6.(1291 14, 171.
ampla 12, 10.

anabathra 7, 46.

aucipites 5, 146. ancipi-
tem 11, 32. ancipiti
14, 070.

Anchemoli 7. 285. = ,

Anchi-a 7, 034. ’

ancilibus 2, 126.

ancilla 8, 259. 31101113·
111111 12, 117.

Ancon 4, 40.

Anci 5, 57·

ἔῖἳεῧ 9, 87·

Andromachen 6, 508.

Αι dro ³, 70. =

anguilla 5, 108. ,

anguis 14,241.3118110111

angulus 6, 579213, 74.

angusta 3, 165. 6, 357:
10, 98 angustum 12,
55. anguste. 9, 1271
10, 117. angusto 10,
169. augustum ›3, 90.
angusto· 6, 78.

anhelas 6, 87.

31111113 1, 88. auium 2,
15616,50118, 2541

18, 163. 3111111331 6,

