INDEX VERBORUM.

bus 10, ιο. 209: 12,
42: 15, 104.
viscantur 6, 463.
visci 9, 14.
8’18081“83,44. 721 4, 1111
9, 43. Visceribus 13,
vita 10, 348: 11, 5⁶7:
18, 88. 180. 235: 15,
108. vitae 7, 1781 9,
21. 27. 1271 10, 188.
247. 275. 358. 3641
ιι, 8071 18, 70: 14,
106. 157. vitam 4, 91:
⁷ 8, 84: 12, 50.
vitis-6, 875. vitem 8,
247 1 14, 193. 71111108
9, 562 11, 72.
vitium 1, 149: 8. 1821
6, 4181 8, 140: 14,
109. 175. vitio 3,1811
18, 51: 14, 69. vitia
2, 34: 13, 188. vitio-
7111111,871 14,32.123.
vitiis 4, 8: 6, 888.
711878 6, 572. vitari 8,
234. vitanda 8, 116.
vitreo 2, 95.
71110,5,48.
vittas 6. 501 18,118.
vittata 4, 9.
vitulus 12, 7. 711011 13,
117. vitulum 2, 123.
vitulis 3,Ἰ 238.

’ vivaria 3, 808 1 4, 51.

vivit 6, 509: 8, 55. 71-
vimus 3, 182. 7170111
8, 3: 12‚51= 15, 68.
vivebat, 8,103. 7178-
0801 6, 18 = 13, 38.
vixit 6, 56. 7188188 10,
272. 71788 8, 46. vivat
6, 561 12, 128. 7178111
3, 29. viveret 6, 18.
vixerit 7, 235. 7178 3,
228. 71711814, 179. 71-
7818 2,1851 5, 23 7,
1371 14, 137. vivendi
8, 841 11, 11. 71780-
dum 8, 1971 9, 118.
viventis 6, 56. 7178011-·
bus 10, 243. 7171101· 8,
9. victurus 6, 567. 71.
cturo 9, 58.

717118 2, 59. vivo 4, 101
15, 691 16, 52.

vix 3, 251.8111.1

ulciscitur 6, 293. 01818-
cuntur 9, 111. ulcisci
8, 222.

ulcus 6, 473.

Ulixes, 7. 13178888.

0118 6, 41 z. 15, 142. 01-
10111 2, 47. 01110814,
202, 0111 8, 178. 0110
18, 180. uum 6, 30.
ullis 13, 36.

ulmea11,141.

'ulmos 6, 1501 8, 78.

ulterior 4, 201 7, 30. 111.-
terius 1, 1471 9, 381
15, 118. ultimus 8,
801. 209: 4, 382 8,
260: 10. 342: 15,90.
0111108 2, 34: 3, 1401
6, 1881 8, 44. 9, 811
103751 12,551 15,95.

ultio 13, 2. 191 1 16,

ultor 8, 2161 10, 1651
14, 261.

ultra 2, 1. eto.

ultro ,13, 108.

mubfiss 10, 102·

0101801 6,316. ⁷

Ulynnes 9, 651 11, 81:
15, 14.

umbellam 9, 50.

0111110118 2, 46.

1111111111. 2,1571 4, 61 6,
41 7, 8.105.178114,
109. umbram 10, 21.
umbre 13,52. umbra·
rum 8, 65. umbras 1,
9: 10, 258. umbris 7,
207. ·

Umbricius 8. Umbritius
3, 21.

umbriferos 10, 194.

umbrone 15, 76.

umqum 2, 168. 810.

uua 5, 18: 14,243.

unci· 11, 181.

unciolam 1, 40. .

008010 13, 245. 01100 10,

unda 8, 8441 14, 889.

undas 8, 19. undis 12,

unde 1, 10. etc.

undique 8, 247. etc.

unctam 8, 113. unctis 3,

unguenta 6, 3031 9.

·188; 11, 122: 14,
2042 15, 50.
unguem 10, 53. ungues
5, 41: 7, 888. ungui·
1108 8, 1301 13, 170.

ungula 7, 181.

unicus 8, 1111 9, 64.
unica 8, 201 10, 364.

110118 1, 241 2,163: 6,
53.219: 10, 168. 14,

427

88. 1681 ,15,-78. una
1, 188: 6,119. 4482
8,213= 10,185. 198 2
11,161;18, 160.1661
14, 89. unum 8, 8851
4, 1281 10, 291 12,
681 14, 141. 011108 2,
80: 8, 231: 6, 681.
uni 6, 2061 7, 38. 000
6, 54: 7, 1671 9, 133:
11, 581,18,178. 848 1
14, 66.

vocalis 13, 32. 700818 7,

vocat 3, 289 1 6, 137. 70·
camus 8, 32. vocant
3, emanarit 14,277.
vocantem 13, 1071 15,
135. 70880101· 4, 721
11, 176. 700871 1, 99.
vocatus 5, 63. 700810
14, 21. vocandus 4, 1.

Volesos 8, 182.

volat 10, 232. 7018118111
8,251. volantem 1, 54.
7018011 5, 121.

7010 8, 441 6, 223. 718
1,74ε 5, ⁷4: 10,90,
94. 846 2- 14, 858. vult
6, 465: 14, 176: 15,
141. 7010013, 113:
10, 97. voluit 8, 401
4, 69. 70111818 7, 209.
volet 6, 547 1 8, 134.
volet 6, 897: 7, 197 2

113, 921 14, 185. ve·
lim 5, 1071 9, 1.78118
10, 3391 11, 30. velit

. 13, 176. velint 7, 157.
velles 6, 282. 781181 6,
593: 10, 184. 888. vo-
18118 12,38. volenti 13,
159: 16, 18.

Volscorum 8, 245.

Volsiniis 3, 191.

volucrem 8. 571 10, 43.
volueri 8, 146. 7010-
cres 11,189 1 13, 167.

volumine 14, 102.

70100188 6, 2231
208.

701711 6, 452. 4962 14,
299. 701788 15, 30.
volvitur 3, 55. volveris
10, 126. 70178018 13,
88.

voluptas 1, 851 6, 179.
854. 8681 10, 8101
11, 180. 166118,190.
voluptatem 14, 2561

§¹138 90. voluptate· 11,

18,

