⁴92

mugi-m 9, 77. 11414,
451 12, 79. anistri
5,1991 7, 919. ⁸⁸31-
9111191 14, 946. ungi
9110 6, 96114, 919.
magistro 6. 8611 18,
99. magistros 7, 154· .
9,9114,19

mugnus 1, 901 4, 1881
6, 559: ιο, 160. mg-
118 2,14. ⁴⁷· 8, 99.
91914,8916,5871
7, 109: 9, 19.10,
49. 111· 19, 19. 100.
109114, 1411193511,
881 2,1181 4, 91:
14,
magu· 4, 90. 741 5,
14. 7, 66: 10, 99:
15, 41. magnum 8,
9681 10, 651 14,819.
magno 2, 60. 97: 9,
57. 166. 167. 9441 6,
731 10,2⁴6:11,149.
mutuorum 11, 109.
1119311096, 818. magnis
4, 171 6‚9. 169: 19,
947114,89.169.1119·
ιἱο1·1,88. 10614,1891
5, 1111 6, 959: 9,
1411 9, 199. ιο, 14.
140. 9881 11, 1661
19, 12. 2212 14,
1491 15, 114. 199.
umus 6, 568. majoris
1,9918,11517,1971
15, 169. majorem 19.
169. 1111150198, 1001 5.
56110,289111, 2118,
180. majores 4, 971 0,
1881 19, 109118,571
14,964.111930199,1991·

4, 661 8, 252. 10,
187. 8111
majorum 1, 601 7,
2071 8, 8. 22. 64. 146.
227. 2741 14, 1981
16, 89. maioribus 13,
12⁴. maximus 8, 810.
1119919195, 66. 991 6,
15518, 119110, 241
14. 47.

magus 8, 77.

majestas 1,11818, 1741
11, 11-1.

major et 1119301991 v.
magnus.

mnlae 15, 54.

male 5, 1681 9, 9: 9,
9011 ιο, 95.

malignis 10, 111.

111910 6, 166. 1671 8,

294. 227. 804.

9991 19, 194. 14,
158. mni· 10, 98. 819·
lim 4, 98. malunt 9.
11191119 8, 491 4, 8. mali
5. 159: 7, 51: 14,
990. malo 18, 1. 1119-
111111 6, 109. 1119191 18,
1091 14, 226. mola
10. 1⁴5: 11, 741 14,
9161 15, nemaeum:
10. 99: 19, 19. 296.
1119109 15, 70. malit 10,
191: 14, 909. pejor
6, 970. 11, 185. po-
jores 9,19.119]019 8,
194· 19, 29: 14. 57.
pessima 9, 190.
malum (navit) 12. 54.
Mamercorum 8. 192.
nmina 7. '⁵90 mmi¹⁶
19111 18, 168. mamilli»
6, 401, 4911 12, 74.
mamma 1, 98.
mancipium 11,171.111911-
9191011119 9, 119.
manem 8, 48.
mandat 9, 46. mandavi
14, 995. mandet 9, 91.
mandaret 10, 58, mnn-
119196, 854.
mandra 8, 987.
1119119 6. 601. 656.
manet 5, 19816, 5611
ιι,39ε 19‚177.man·
911 6, 561. manebit 14,
810. maneant 8, 99.
maneret 4, 951 9, 79.
mane· 2, 149: 15,
mango—mamona 11,
147.
manicae, 956.

1119911196,948.

IN mlx VERBORUM.

mm huz 9, 95. 9,
941 6, 9⁴: ιο, 176:
12, 62: 19, 69. 195:
14, 9761 15, 16. 1118- ,
ri· 19, 246. mni 14,
222. maria 4, 99.

margine 1, 518, 19: 4,

marino· 14, 288. murinis
9, 299.

1119119991 9, 18.

maritam 6. 48.

maritus 6, 911. 4321 7,
169. 111911ῐί 6, 999.
282. 291. 463. 611.
652: ιο, 912. 111911·
tum 8, loo. 149. m·
tito 9, 91 2 6, 10. 196:
11, 901. maritos 9,
1981 9, ec. 1119ῐί119 6,
184.

Marius 1, 491 8, 120.

1119191919 8, 905 1 14,95.
marmora 1, 191 8,90.
215: 9, 104. mmo.
ribus 6, 4801 14, 90.

marmoreus 18, 115. mu·-
9101911111 8, 55. 11191-
11101·οο 6, 980. mamo-
199 4, 1 19. mamonis
7, 80.

Maronis 11, 178. 11910111
7, 227. 1191911919 6,
486.

marm 8, 811. marri· 15,
167.

Mart 6 ,5·9 14,961. Mar·
tis 1‚9.9. 101110,
99. 914· 13, 79 149111
2, 91· 16. 5.

Μαι-9119 14, 180, Manet
8, 169-

Mat-⁸59 9, 9.

14,117. 1119111199199,64114,186.11199-91911111191,841 9,

89·

manipli 16, 90. maniplos 11189991 10, 1304119999 6,

8, 158.

421.

mano---munst 6, 27⁵. 1119191· 8, 9191 6, 9891

nna-mutia 6. 693 1 15,
maffia-escere 11, 104.
11191111οή9 11, 188.

manus 8, 1061 5, 581

6, 290: 7, 9411 10.

10, 195. 289. 290. 1119-
tri· 6‚512. 565 9. 931
19, 8,.1119111 14, 981
matrim 7. 146111,
159.11191197,196.199-
ttibus 11, 71.

1901 15, 54. manum materie 1, 151. 1119141-’

,1, 152 6, 549. 599,
mauu 10, 8091 19,
65.1119111111195,88· 6,
391.

1119111195, 97 mappa 11,

191.

Mutet-1119 2, 145.

rim 9. 14⁷2ss 911
10,· 47. ..mutans 11,
1881 14, 17.

materno (1,1181. 11191111-

1109 14, 96.

mathematicu- 6, 569.

mathematica 14 , 948,

