376

6543 o. 33310, 9313
19, 57. 30110334, 159 3
o, 6303 9. 1993 14,
163 15, 94. 149.
enimn! 1, 141. 3111013113
8, 563 19, 9314, 76.
animumn· 15,11.178.
animus 3, 503 6, 9073
7, 57. 3010114, 913 6,
190. 6133 8, 94. 1403
9, 133 ιο, 9403 13,
1903 14, 119. unimam
2. 12: 6, 973 10,3573
18,1063 14, 153 15,
149. animo 1, 159.
1693 6, 1803 11, 153
13, 195. animos 1, 893
6,9853 7,343 14, 33.
animorum 10.350.301-
mis 2. 1393 12, 333
15, 39.
301104,783 7, 179. 1993
10, 207.
Annibal v. 3301111131.
30110113 9, 100.
annosam 11, 119.
3110111037, 1403 10, 1663
ιι, 43. 199.
annus 7, 9493 14, 10.
1973 16, 49. anni 13,
88. annum 3. 9953
annos 4, 1993 6, 1993
10. 133. 9493 19, 173
14, 48. annis 3, 9893
13, 53.
annun 6, 480.
anquirere 14, 938. 311-
quirendn 14, 993.
anseris 114. antero 6,
540. 3030111103 5, 114.
Antaenm 3, 89.
ante 5, 56 010.
antennas 12. 19.
Anticatones 6, 338.
Anticyra 13, 97.
Antigonae 8, 999.
Antilochi 10, 953.
Antiochus 3. 98.
Antiphaten 14, 90.
³ antiquaria 6, 454.
antiqui 15,109.nntiquum
6, 91. antiquae14,270=
· 15, 3333011000 7, 793
10, 3363 13, 149. 30-
110011 6, 45.
mititte· 2. 113.
Antonius 8, 105. Antonii
ιο, 193.
antrum 1, 8. antro 4, 91 3
⁷ 7. 59301113 13, 41.
Anubin 6, 534.
anxietas 18, 911. 301110-

1310 7, 57.

anxius 10, 80. unxit 4,
149 3 10, 990.

Aonidum 7, 59.

uper 5,116. 31111 5,167 3
15, 169. aprum 1, 93.
apro· 1, 141.

aperit 6, 467. aperire 4,
110: 9, 98. aperto 6,
18. apert· 6, 399. 3-
perte 7, 103. apertius
4, 69. ,

apex 19, 79.

Apicius 4, 933 11, 3.

Apici, 3, 907.

apium 8, 9963 13, 68.

3111111110 10, 136.

Apollo ι, 1933 13,903.
Apollinis 7, 37.

Appula 6, 643 9, 55.

Appulia 4, 27·

aptus 7, 58. uptam 12,
39. 31111 15, 145. ap·
tior 6, 581. 311ῑί331013
10. 849.

Apulia ν. Appulia.

nque 3, 19. nquam 3,
1983 5, 59. aquas 6,
598. nquit 11, 63.

Aquario· 6, 339.

Aquilam 14, 197.

aquila· s, 59.

Aquilone 9. 68.

Aquino 3, 319.

m 2, 89: 3,133 15,
115.310319,7313,37.
313111 1,443 6, 3903
10, 83. 9683 14, 919.
313311, 11433, 1453
12„112: 13, 219.

Arabarches 1, 130.

Arachne, 9, 56.

3131103 14, 61.

313110 7, 49 3 8, 9463 10,
9703 13,65; 14, 181.
3131113 9, 74.

31111101 8, ⁶79.

arbitrio 13, 177·

311101 3, 16. arbori· 6,
5453 19,39 311101111ος
19, 105. arbore 11,
117: 14, 30.

arbusta 14, 144.

31031, 903 3, 143. 1813
6, 3633 10, 953 11,

963 14, 959. 3103 13,

74. .

Arcadico 7, 160.

31030301 6, 543. 3103110
9, 1953 14, 109. 31-
cana 9, 613 13, 733
15, 141. arcanum 9,

INDEX VERBORUM.

116.

arcessere 11, 1⁷.

Archemoii 7, 935.

archetypo· 9, 7.

Atchigenen 6, 936 3 14,
959. Archigene 13, 98.

archimagiri 9, 109.

arcto 3. 2⁸6.

31003 3, 113 13, 89. 31-
0001 6, 174. arcu 10,
136.

3111019, 703 3, 9153 6,
1493 9, 963 10, 693
15, 35.

ordeni: 1, 1563 6, 1893
1 1, 6. ardebant 6, 618.
‚ardebit 3, 901 3 ιο,97.
ardent 1, 45. arderet 4,
189. ardens 1, 1653 6,
1993 11,1553 13, ι4.
⁸ardentis 10, 130. 31-
110011 9, 165 3 3, 9343
14, 993 15, 81. 311100-
tem 10. 953. audente
14, 118. ardentibus 19,
99 3 15, 52.

ardor 6, 317.

3101133, 553 4, 1003 14,
9993 16, 6. 47. 310·
nam 9, 144. arene 3,
343 6, 917. 951. arena
8, 906.

argenteus 11,,193.

3101310803 15, 16.

argentea 6, 933 538.

argentum 1. 763 9, 31 3
19, 433 14, 69. 291.
argenti 3, 9903 6,
3553 9, 1413 ιο, 193
11, 41. 108. argento
12, 49.

arginem 4, 134.

argumenta 9, 85.

arguit 18, 138. arguerint
1, 105. arguitur 7,

Aricino· 4, 117.

arida 6, 1443 14, 61.

aristae 14, 183. aristas
14. ¹⁴?-

Aristotelem 2. 6.

311113 9, 1593 8, 194.
939. 9703 ιο, 9673 14.
5: 15, 1913 16, 43.
armis 4, 93 3 6, 9643

¹ 8, 59. 200: 11, 108.
13, 1633 15, 155.

armamentaria 13, 83.

31013113 7, 11.

31013ιί’16,334. 31111310 3,.
306. armatis 6, 154.

Armenia 8, 169.

