‚ 1NDEx· vnnnoiz'um.

7, 1183 9,·883 18, 813

sinu 6,· 607.
81081108,186. ’ ·²
siphonibus 6, 310.
siquidem 6, 621 3
811808 14, 19. ”
818110 13, 93.
811188“5,60. 8111008 6,426.

sitiente 1, 703 12,-45.
sitis 10, 140314, 318.
sive 2, 118. 810.
socialibus 5, 31.

18,

socius 10,‘254. sociornm'

8, 89. 136. socios 10,

222.ῑ800118 8, 99. 108. ·

Socratici 14,320. Socra-
ticos 2, 10.

socru· 6, 231.

80118188 11 , 190.

sodes 6, 280.

8013, 3163 ’15, 44. 80118
13, 78. solem 7, 1833
11, 2033 14, 280. 8018
2, 1333 4,· 43 3 -12, 70.

solatia 13, 120. 179.

solea 6, 612.

solenne* 11 ,’ 192. solen·
nibus 10, 259. ’ ’

soleo 9,188. solet 3, 2863
6. 415 : 7. 1813 8,48,
11, 10.185313, 1033
14, 266. solebas 9, 25,
solebat* 4, 883 5,’ 44,
1093 8, 845310, 883
11, 115. solebant 12,
107. 801881 7, 54. soli·
tus 5, 106. solitum 8‚·
142. soliti 2,92. solito
6, 4873 11,· 88. ·

801018 9, 65.

solidum 10, 176. 8011118
11, 205. solidoe 5,’68.
solidam 5, 13“.

8011811018, v. solenne.

sollers, v. solers. ·

sollicitemus 16, 28.80111-
citent 9, 3.7

8011101108 5, 20313, 67.
8011101188 7, 42.

soloecismum 6, 456.

8010018 10, 274.

8018101 6, 384.

solstitia 4, 98.

8010111 ⁷. 114: 11, 49.

solvet s,154.=olvst 8,50.
solveret 2, 33. solvite
14, 292. solvunt 14,
199. solvere 7, 157.
solvitur 6, 73. solutum
9, 78301018 18, 116.

80108 3,· 1223 7, 23 8,

850311558314, 1593
15, 26 80183, 2013 4,
8. 8,8ο310, 1783
18,118318,8ο8.1ο·.
10013, 63 5, 111: 10,
189ο..011 9, 93· ¹5,
143. solam· 14, 107.
solo 2, 583 5, 15036,
510. solo· 14, 1042 15,
37. 80118 2, 893 11,
108316, 51. ’

Solymarum 6, 544.

somnia 6, 547. ·

80010001 3, 234. 238.
848. 8883 5,193 14,

888. oomni 6,889.416.

478. somno 3. 563 6,
424. 8001008 15, 154.
8001018 13, 221.

80081 3,91. 2623 6, 517.
11, 141. 800801 6, 683
7, 108. 800818 15, 51.
80081181 1, 253 10,226.

³ 's‘onnit 6, 560. sonan-
tem 6, 92. ’

80001801 13, 167.

80008 9, 78.

sophist'ae 7, 167.

Sophocleo 6, 636.

80001801 13, 217.

Soroe 3, 223.

sorbeat 6, 806. sorbere
14. 255. ”

8011108 1,· 1403 5, 113 14,

sordidula 3, 149. ·

8010118 6,·853 14, 284.

’ 8010116, 111. 158. 80·
1010016, 566. 8010188
6, 8080101180, 5,1583
10, 242. ¹

sortis 12, 25. 801108 1,”823
6, 583. ’ ’

80111108 2, 1793 13, 49.
8011118 6, 505. 8011111
14, 963 15, 144.

sospes 18, 178.

8081181οι 10, 178. ·

8081101, 223 6, 3763 *14,

‘ spargere 9, 84. spargat 6,

5283 7, 180. spargen-
dus 12, 8.

80811808 8,101. Spartani
8, 818. Spartano 18,
199.

8081108001 4, 132.

spatium 3, 2693 4, 393
6, 505. 5883 10, 188.
358. spatia 10, 275.

specie 10, 3103 14, 109.

spectabile s, 110.

419

‘mmuh e, 6¹⁰ 8, 20⁵2
11, 191.

spectat 8,190. spectare 1,

·56. spectes 5, 1213 ·,14

258. 80001816,352. spe-
ctent 11,199. spectant
4, 64· 6, 652. specten-
10113, 1728080180118
15, 147. 800018011ὴοσῖ
2,147. spectatos 6,371.
800018011οι 10 ,67. 808-
0180118 7, 22311,35

specularibus 4, 21.

8080010111 2, 99.103.

spelunca 6, 8. speluncas
3, 17. 8081000186, 59.

800921680114β4. 8018116,

spernatur 4,4.

sperare 1, 583 6, 106.
888310,80718,884.
14, 6. sperat 3, 2663
12,120.80018189,69.
sperantibus 4, 57. .

80081, 134. 5,1663 7,
1. 803 9, 185. 184.

1473 12, 70314, 878. ’

80001 6, 331.

” 8010018 13, 79.

80118 8, 208.

80118012,41· 7, 111. .801-
181 6, 463. 8011811109,

, 67.801180108 7, 208.

spoliator 1, 46.

8001181 3, 802. 80011818
14,237.8001181188, 124.

· spolium 2, 100. 106. 800.

118 8, 107. 8001118 6,
, 810. 888. ·

spondet 6, 5483 7, 134.
, spondere 13,· 232. ’ ’
sponsoe ·1, 78. ·

sponsalia 6, 25.

sponsio 11, 200.

sponsus 3, 111.

sponte 14,107.

80011018 1, 95.118. 1283
s, 849310, 463 18,
33.

spumat 5, 116. spumant
6, 303. spumanti 9,35.
spumantibus 13, 14.

8001008 6, 603.

squalentes 8, 17.

squalidus hbeo. squalida
9, 15.

squalorem 15, 135.

sqnamoe 4, 25.

squilla 5, 81.

stagna 12, 81.

staminis 12, 65. stamine
2, 553 10,2523 14,249.

