422

reg-2, nomm-156, 33
7,991. negem 6,117.
..Z-23:333:

ugit 11, 153. “gunt 16,
43. tuit 3, 44. tae-nt

9,,105. 1405101713
5, 104. teti 14, 136.

taul- 9, 901. ⁴

Το10111000111 14, 914.

’1010111100 1, 5.

Tm 70 2⁶·

10111110 8, 89.

ton 15,53.101010, 1643
¹⁸, 2³22 18, 65· “¹0-
rum 18, 88.

temerarius 5, 129: 14,
975. teneruit 5, 109.

temetum 15, 95.-

10035504, 1963 10, 135.

tempero 8, 987.

tempesta 12, 943 13,
99000ορ00ωο 4,1403
6‚26: 7, 164212,61=
14,309.1οωρο410111100
15,90.

templum 18‚„219.te1upli
15,147.temp10 1, 1133
9, 943 18, 905. tem·
plorum 11, 111. 10111-
pla 15, 49. templis 8,
148. 988310,983 19,
73 13, 37.

1001ρο09, 115: 8, 150:
16, 49. tempori· 7, 99²
9, 125. tempore 3, 53.
1093 4,115. 1353 5,
993 9, 163 ιο, 9633
11,144.159313,9113
15, 88. 68. tempora 9,
3333,19434, 1513
6, 5713 8, 1453 10,
954311, 118: 12,62=
14, 180. 157. tempori-
111104,3ο3 6, 6453 10,
15318,99.

tenu 8, 25.

1011ᾶὶ1 10, 154. 1011110 6,
59. tenditur 6, 496.
tensum 7, 117. tenso
14, 931.

tenebre 12, 18. 1011011100
3, 995.

10001 9, 993 5, 81. 893
8, 388· ⁴⁵⁴: ⁷, 50· 5ιῖ

10, 41. 1543 16, 54.

1000016.70. 10001101 1,
6136, 658. tenebit 14,
2970 teneat ¹, 23· 3ιο
1 teneam 5, 583 18, 943
tenentis 3, 89 3 14, 63.
tenentur 8, 806. te·

0011 6, 4101 15, 158.

muer 1, 993 6, 71136,
888. tenerum 6, 5483
3, 163 9, 46. toner-
9, 86. 1000110 19, 891
14,915. tenero· 7,987.

tentigine 6, 199.

10010-1001008,997.1ρο·
101001 7, 5. mutaveris
5, 196. tent· 7, 175.
10111010 10, 805.

Tentyra 15,85. 76.

tenui· 18. 7.1011110 9,813
10, 969. tenui 9, 55 =
8. 97. 1983 4, 110.
1893 6, 959. 541.
6593 7, 48. 80.1453
9,1333 15,91.1ειιιιοιιι
7, 907. tenue· 8, 168.
9973 3, 1903 15, 101.

100113 6, 446.

tepenti 10, 149.

ter 6, 598. 010.

Tem 7, 19.

tergeat 14, 62. tergono
¹32 44.

tergum—tergo 1,6. terga
4, 193311, 39313,
163 15, 75.

terit 9, 4. tritu· 13, 10.
11110 8,,66. 111100 6,

Terpsichoren 7, 85.

10110 14.,999.·,15, 70.
199. 139. terrm, 1033
8, 9573 14, 7. terrum
9,13034,1036,4993
7, 9073· 11,164,3 15,
99. 147. 101103 4, 883
6,411 : 13, 996. terri·
2, 953 6, 2. 165: 8,
873 10, 1. 9793 18,
126: 15, 86.

terretur 14, 985.

terribile· 15, 194.

terrore 10, 857.

tertius 9, 403 18, 78.101·
tia 2, 603 8, 1993 5,
173 14, 896.

10000110311, 189.

1000010 7, 174.

testa 3, 9703 4, 1313 6,
514: 14, 811. 1081105,
35: 15, 198. testarum
11, 170.

testamentum 6, 549. te·
5101110010 19, 191. 10-
01010011ίο 1, 37.

testiculi 6,889. testiculo-
mm 12, 86. testiculos
6, 8793 11,,157.

INDEX VERBORMM.

77 314, 910.101115,5.
10010111 9, 76 3 8, 187:
13, 1933 16, 99. 39.
101106, 136. 3113 10,
703 15. 96. testa 3,
1493 13, 75.

tentantur 19, 97. tutundi
6, 9163 16, 51.

100111ᾶί000 6, 80.

testudo 11,94. testudine
6, 33133 14, 303.

tetrum 3, 9653 10, 191.

,1010111100 6, 418.

Teucrorum 8, 56.

Teutonico 10, 989.

texit 8, 43.

textoris 9, 80.

Thaida 8, 98.

Τ11010110 18, 184.

theatrum 11, 4. theatri
10, 126. 218. theatro
3, 17336, 63. theam
14, 256.

Thebaidos 7. 88.

Thebe 15, 6. Thebarum
13, 97. Τ1101100 7,193
14, 940.

'thelesiae 7, 95.

Themison 10, 991.

Τ110011011 7, 177.

Therme 11. 4. Therma-
rum 8, 168. Thermas
7, 933.

Thersiten 8, 969 3 11,
31. Thenitae 8, 971.

Theseide 1, 9.

Τ11000011ω 8, 949.

Thessala 6, 610.

thor-acu 5, 148.Δ

Thrasea 5, 86.

Τ1110ογ1116, 576.

Τ1110ογ111110111 7,904.

, Thrax 3, 79. Thraca 6,

408. Τ11’1·0011111 18, 167.
Thule 15, 119.

· Q 8..187. thum 12»

. 903 18,,116.

Thyesta 3, 993.

Thymele 1, 863 6, 66.
Thymeles 8, 197.

thyrsum 6, 70 3 7, 60.

timeam: 10, 967.

Tiberinus 5, ,1 04. Tiberi·
uum 8. 265.

Tiberim 3, 693 14, 909.
Tiberi 6, 5983 7,121.

111110 6, 814.

tibicine 8, 63. 1933 15,

tibicina 9, 90.

'rihni-is 8,192= 14, 37.

pangis 6, 9903 3, 303 9, Tiburtino „11,65·.‚ ,

